data_ml-2
0.3804502132287517 0.15921306726959666
0.32216219697184034 0.25364095265235553
0.2827914365036323 0.31726990285251944
0.2542652909356196 0.3657728966136241
0.23222244483246524 0.4044771829147468
0.21469585086388182 0.43696713219188354
0.2001729544961831 0.46480246532920816
0.1877947995077132 0.48885434617897017
0.1771813414490659 0.5101965383542352
0.16786857093794144 0.5291788196003516
data_ml-0.9
0.37698274134919246 0.15842655136793338
0.3205980423022717 0.25359294745171207
0.28205491475620353 0.3184907215412545
0.2535583445433356 0.3669542714556005
0.23156558573518093 0.4058858034031353
0.21400726981310036 0.43838800699324937
0.19949585604296 0.4663439754726651
0.1871851655742875 0.4906375443440558
0.17664580491078177 0.5122547961932369
0.1674011849223104 0.5315541543914266
(new Z_theta100)data_ml-2
0.3765434042187661 0.1586846310862032
0.3181459114456399 0.25228804203396415
0.27976234771078146 0.3160091161700121
0.2516360657145237 0.3643156895839018
0.23025873665535662 0.40362352310644656
0.21303819991031922 0.43644562170231244
0.1987932028473903 0.4645378458426537
0.18661631700964387 0.48862421231785447
0.17617100915564154 0.5099583921656522
0.16701007470164103 0.5290333554577752
data_ml-0.9
0.3734122327484868 0.15725400561917754
0.3157739202610022 0.24954720872554312
0.27740395164907916 0.3127912485847192
0.24965046223416817 0.36072429922348775
0.22824408254390163 0.39954042092409214
0.21105283494089522 0.43169268889574397
0.19677458263992825 0.4591891040199292
0.18474466212541646 0.48327683831877766
0.1743451284937859 0.5044650420355593
0.16522281690948823 0.5234698582456035
data_ml-2
0.3769469647099098 0.15940994883511833
0.32010861787684475 0.25462559823108905
0.28138851522177694 0.31880561446939937
0.2531154297489809 0.3671728635871525
0.23123243367015323 0.4056521139372915
0.21381431447188712 0.4382127541080416
0.19935356723757383 0.46578551174564625
0.1871415180743591 0.4898178738505411
0.17660986926420894 0.5109995063864554
0.16737413778301172 0.5300858362648704
data_ml-0.9
0.37943558773861935 0.15842166556500697
0.3223661238157646 0.2536890486086959
0.2832846771039182 0.3189073905179313
0.25488816222558464 0.36854254341879844
0.23303901084751782 0.4089208010741563
0.2154471602888844 0.4424031385680503
0.20076132688397977 0.4707114479740149
0.18838708177108676 0.4954537124849382
0.17772148919863642 0.5172616145106003
0.16837302155186282 0.5366955639166385
data_ml-0.8
0.3790048370016178 0.15971673946213302
0.32024528463891355 0.25393137168357277
0.2811166127632089 0.31861911914383834
0.25257484472937713 0.3674697139631861
0.23080139672003977 0.40722628898366614
0.21336686796988957 0.4403252662626133
0.19893958041155974 0.46887266249651083
0.18670987292137722 0.49360495000449545
0.17612855421035628 0.5153435090719771
0.16686439222647095 0.5346986835470552
data_ml-0.7
0.37838804774033064 0.15992912312941712
0.3209880076704853 0.2569597413666232
0.2819003596744969 0.3240922260343034
0.25292438249519766 0.3743620087232698
0.23086808437566686 0.415022251605732
0.21315435473253333 0.448335723688442
0.198563005728335 0.47679680634215293
0.18605211940811142 0.5012429294552071
0.17532016116978827 0.5224753941090131
0.1659625347033565 0.5415790932454416
data_ml-0.6
0.3739631929934846 0.15833272283411984
0.3173294885371413 0.2549573021678764
0.2784195311829329 0.3220508680593696
0.24939752139442187 0.37226679601947293
0.227240046938991 0.4120169250957243
0.20968902945132536 0.445102150971581
0.1951229285325693 0.47331386593283453
0.18271254901399517 0.4974180843133457
0.17194284642122423 0.5180536949818737
0.16247960731562208 0.5358157510881759
data_ml-0.8
0.37996365093447027 0.16106643440479604
0.32074901972005554 0.2550944767865152
0.281067956533783 0.3195004767421753
0.25245606628694345 0.36841153266593435
0.23034717650766964 0.4073322115967199
0.21277082915938997 0.4399968758226224
0.19831502250859975 0.46820469619889454
0.186045679613039 0.49265184327860145
0.17547233114221286 0.5141194871611223
0.16619737256362857 0.5331949597255226
data_ml-0.7
0.37568190274477126 0.15743325304012812
0.3200148830819173 0.25429902062816917
0.2817367411774923 0.3215058967625034
0.25296373679841 0.3715085340956042
0.23102321188360744 0.4114904284969108
0.21341385462281534 0.44525259175455917
0.19891525229684284 0.4742882987415287
0.18643170955093147 0.49883302062347895
0.175657574630071 0.520463492649867
0.1662908211454412 0.5397163525161994
data_ml-0.6
0.3729900684049188 0.15877203014877667
0.31602507226878873 0.25490901041456043
0.2771110602287909 0.32030399652487285
0.24835033916253155 0.3695493472909442
0.22628495377662197 0.40894151117866784
0.20881631796369074 0.4419700615676499
0.1942620403723902 0.46989264274002923
0.181916697673088 0.4939493574032668
0.17114685594894014 0.5143143328323948
0.16173917398896767 0.532375424960441
(new)
data_ml-2
0.37980194052489885 0.15871191284236819
0.3211633132029844 0.25252999373112417
0.28227148267935437 0.3168137254010672
0.25383919116173065 0.36522521660123686
0.23205243424257965 0.4044768179975857
0.21462954482574273 0.43725569011048837
0.20015843940253247 0.4650560223785681
0.18785615644408807 0.48928209097767944
0.177264343252207 0.5105184305624272
0.16800294799509524 0.5295696343998924
data_ml-0.9
0.3751237871719134 0.1578002444582985
0.3181151435358503 0.2510271993550949
0.2799894101147865 0.31501575458908
0.2518310483986271 0.3631492833781277
0.23015226537684086 0.4019017844572483
0.2127832317276762 0.43464350832927123
0.19846671545916758 0.46250649727123744
0.18624674432582441 0.4868851504123928
0.17579606997592473 0.5085263104415904
0.16656086321877198 0.5276343131795567
data_ml-0.8
0.3759495120066265 0.15848148603077758
0.31921205529634794 0.2545118009381458
0.2809253269984974 0.3201296654531059
0.2524589284180861 0.369313430331065
0.230558974212241 0.4086486780768672
0.21291011954167632 0.44135560914912936
0.19829560090441783 0.469048246632802
0.1860054308938438 0.49339931957939265
0.1754106363153583 0.5148175336625533
0.16606728870318505 0.5337206191994274
data_ml-0.7
0.37547296717134165 0.15703062620188413
0.3191476573456344 0.25386475659481766
0.280636251753069 0.32045707318705674
0.2521315721686243 0.37066256214469967
0.2300111623114973 0.41025498507999386
0.21225159086789067 0.4430719874482372
0.19756085095246 0.4709073280253698
0.18508722344657547 0.49511428395496515
0.17440745934978888 0.5162603453796798
0.16502160909014538 0.5349737052709455
data_ml-0.6
0.3772804029880472 0.15915562772155678
0.32052004922863175 0.2573385723620206
0.280713529293925 0.32429686321174583
0.2513044162683469 0.3748951783780609
0.22925527347667132 0.4155971782843645
0.21148978696203805 0.4490192492711279
0.19677458263993494 0.4775008636694318
0.18433680843756145 0.5020800683934672
0.17352926211079384 0.5231823811725812
0.16404605169010417 0.5415351992125407
data_ml-0.5
0.3730229829130636 0.16018296254031297
0.3144816680500021 0.2566445281118646
0.2745155843040866 0.32310502485939024
0.24447107816479002 0.37208098770382625
0.2221932510948053 0.4110198439137726
0.20460445347605674 0.4430990226474243
0.18993408920852298 0.4696783115100149
0.17740114914565264 0.49155693637751535
0.16657937166680828 0.5098458960378314
0.15719310798822628 0.5252945238877552
data_ml-2
0.3744855319270573 0.1576789387850841
0.31883568505106125 0.2527039960136342
0.28049553030521 0.31725662362832974
0.2522721743610175 0.3650387078437266
0.23060190617938367 0.4034712566788123
0.2132507131476747 0.4357395840725147
0.19893794490804753 0.4635113631022437
0.18675208935573412 0.48786687372838883
0.1762570320972123 0.5092931547222211
0.16707518818514075 0.528412321270327
data_ml-0.9
0.3717979907839243 0.15528031517902882
0.31561292538421676 0.24765652846182887
0.27789242203079073 0.31174101245987124
0.250140244425988 0.35997481407271115
0.22877901485450247 0.39907067832694243
0.21163337054103465 0.43179619406501674
0.19743757487537553 0.460112152346622
0.18535823148916658 0.4847580549073843
0.1749267771449296 0.5063277390209704
0.16579052062167382 0.5258079319536504
data_ml-0.8
0.38244511863531655 0.1610278270678116
0.3227911502904799 0.2557691434214285
0.2832078765849148 0.3205286140719694
0.254455264890225 0.3700537739931521
0.23235896848797896 0.40992272283776104
0.21467104572731469 0.443362588393112
0.19999897781028933 0.4717732512709332
0.18754668851426837 0.4964007594449053
0.17684965225106844 0.5182116536597967
0.16748275565988302 0.5376698027304492
data_ml-0.7
0.37072612267092364 0.1549001119608031
0.31583402501500274 0.250917457154521
0.27816909470793044 0.31713503208106825
0.2501856807578831 0.3673484411571307
0.22883425398555748 0.4080624119815698
0.21149241058225204 0.4414819873793507
0.19704464515705475 0.47010451820217297
0.18474967085491886 0.49458873755340005
0.17417594474178788 0.5163321107811837
0.16488923552478718 0.5354892160627561
data_ml-0.6
0.37608260110476666 0.15940445553748023
0.3179706059131372 0.2560121395513585
0.27878254481621206 0.32283594550954514
0.2498783594264196 0.37290766430755257
0.2278622742494452 0.4129121746712614
0.21031392808418645 0.4461694578813038
0.19562237041699743 0.4739178535680567
0.18326172042702815 0.49793611575553454
0.17256885810507805 0.5189422522444732
0.16314662697846471 0.5371422255127553
data_ml-0.5
0.3789719224934701 0.16301610230430194
0.318626749477639 0.2607018975921173
0.2776524800366514 0.3283149399513675
0.2469368041443545 0.3780270226964512
0.22423795758325712 0.41754039899270984
0.20619842201169727 0.44965051462571604
0.19134695980339897 0.4762454008722736
0.17876495463522224 0.49822385105693523
0.16793379572652153 0.5167461062505142
0.15854131486306233 0.5325459568195092
