
ml-20m-2
0.3516712035986558 0.14066638238550203
0.3001599358812409 0.22627833444538864
0.2656119803888457 0.2859412953440344
0.2398713292368749 0.33054560862936916
0.22008578050884792 0.36695428829678617
0.2042289742681958 0.3979572834580436
0.19102089739443281 0.42487398913476987
0.17981558634733974 0.4485430442089623
0.1701424941652826 0.4696995898439918
0.1616514192053255 0.4885121746948051
ml-20m-0.9
0.34800748052239916 0.13851056722097202
0.29704172774074583 0.22244395562049912
0.2629622676476483 0.28174227011080466
0.23809181691495232 0.3275984859646622
0.21862794509478714 0.36493483714317443
0.20294359041004348 0.39651141526241185
0.18985704280044088 0.42373990464945815
0.17876435993156048 0.44761357722305084
0.169239600557342 0.4689738521766487
0.16087527889498762 0.48825826947861245
ml-20m-0.8
0.3578065317379852 0.14293563962915842
0.30288931570548494 0.2271441431638475
0.26707920255891743 0.2864837913039523
0.24117356111862967 0.3317253665837848
0.22119500624588906 0.36874457354414075
0.2051919591603332 0.4001889466410655
0.1919130518199809 0.42754972352715764
0.18068602745266443 0.45172738000673895
0.17097270058566127 0.4733368174717374
0.16247687608762115 0.49259901725787547
ml-20m-2
0.35418613215099887 0.14054607632963084
0.300907266071206 0.22512772566077427
0.2658521850682606 0.28477091668089793
0.24036720267452025 0.3305168299919455
0.2205086177641638 0.3675746743879647
0.20452164850684754 0.3988951389256771
0.19127939421377066 0.42588855495709
0.18007958886010342 0.44959752742822195
0.17039064148440028 0.47071705035154626
0.16191793087017625 0.48973678150310096
ml-20m-0.9
0.3556937895777324 0.14269012201185577
0.3010877806098495 0.22678164303439707
0.2659080242322164 0.2860449897111936
0.2403321828540269 0.331674325706722
0.22050674041296187 0.36864668893855085
0.20445943116252924 0.3996966397941514
0.1911495268971135 0.4264238295751002
0.17990205281134675 0.44989352330368343
0.1702015424765889 0.47087602199694595
0.16170607900762557 0.48975449632322626
ml-20m-0.8
0.35871921324535117 0.14395796392487423
0.30424714606513953 0.23034806707211536
0.267860950854255 0.28919909390265675
0.24183947925168164 0.3347987402790982
0.22198436022046275 0.3723446764076172
0.20588994870974373 0.4039950698310756
0.19247656663403526 0.4310879597387858
0.1811272952423707 0.45496383370676247
0.1713686291404151 0.4763455664833229
0.16276793772973114 0.4954455885504315
(new z_theta)ml-20m-2
0.3485576888361719 0.13891583466684704
0.2964752731184874 0.2216259056415274
0.2621660781892136 0.27984360910709016
0.2369715436881491 0.32449362061163095
0.21733199511897724 0.360651543482872
0.20164183990039078 0.3913741174955742
0.18863315422845525 0.4180137594252504
0.17759968012825353 0.4414996660820707
0.16800070922148064 0.4621087633465342
0.1596160816792411 0.48072695197706505
ml-20m-0.9
0.3510596203417422 0.13956311573970723
0.2984753742066339 0.22335930371111606
0.26367542041830155 0.2822065706522607
0.23848100626026383 0.32805087557867446
0.21881900168248436 0.36518425739479343
0.20297933228869447 0.3964199539707791
0.18985229784685065 0.42348056118227395
0.1787630963297903 0.4475760998040319
0.1691930679207127 0.469054785805051
0.16081325409950756 0.48826333571158576
ml-20m-2
0.35254561602383433 0.1410160237707429
0.30002599409356595 0.2262954441702921
0.26468485771838185 0.28478288814917774
0.23898590542484419 0.32938240520018774
0.21923866188191526 0.3659296692932552
0.20330810943507266 0.39686755912632343
0.19007469175845793 0.42371873973477553
0.1788927057685403 0.44725897836096923
0.1692404028441803 0.4681834695871626
0.16073498299555222 0.48688896097751627
ml-20m-0.9
0.35387059273745197 0.14306987812929295
0.3004285415147277 0.22840873143795068
0.26449086476085665 0.2860214583783776
0.23867542041837894 0.33046444747713727
0.218776977897888 0.3665360053987725
0.20295478231143765 0.3975935959972367
0.18976059646122356 0.42427882202011613
0.17863538229370246 0.44794433072442064
0.1689648975438715 0.468777546955337
0.1605496306672778 0.4876980731813687
ml-20m-0.8
0.35341858433269874 0.14204446735991236
0.29873639822950954 0.22489221937227352
0.26357673913718366 0.28311880591167277
0.23821962120831144 0.32822358247121397
0.21859241983358182 0.3649931155883673
0.20286356229791394 0.39629006807051315
0.1898290888347425 0.423524895572846
0.17871318405985767 0.4473198098300813
0.16913923447385942 0.468472213265804
0.16075057945169463 0.4876386544180683
ml-20m-0.7
0.3618543897524724 0.14500390275354955
0.3066064710851826 0.2311709609596809
0.27043893915209466 0.29137466915097754
0.2441520510062068 0.3377957946779444
0.22392958488885492 0.375704222885462
0.20758341576824638 0.40769400438470765
0.19409077921414553 0.4354562797398952
0.18270959543082554 0.4599642467194288
0.1728273470699996 0.48174276095290053
0.16419934581533552 0.501216430359462
ml-20m-0.5
0.35170947268084385 0.13724611899602154
0.3021892803246366 0.22565920309983853
0.2685871006716902 0.2881946699305037
0.24357151624993714 0.33639155364741385
0.22404005978649938 0.3756279860491473
0.20804228372547406 0.4082708327136363
0.1947420756695637 0.43660562419554594
0.18333489779268058 0.4613437623607914
0.17348313633171064 0.4831862041525868
0.16488176297721283 0.5028679755323701
ml-20m-0.8
0.3596968799866398 0.14369389543101752
0.3054154361592238 0.22965767794407724
0.269700995718132 0.2896075597757252
0.24372693926770447 0.3360035194721825
0.2237158556751045 0.3740426326525972
0.20744117031179546 0.40596801888871165
0.19397432154893 0.433726855074471
0.18261969919058463 0.4582260872933201
0.17278249923573338 0.4799443101048628
0.1641381152838277 0.49935664023701004
ml-20m-0.7
0.3604239925482787 0.14324513183955145
0.30571256308983946 0.22982273070333065
0.269737098625861 0.2901024961332223
0.2436823521766614 0.3364919011755234
0.2236504372062997 0.3743505898673183
0.2075157829877689 0.40645928809817083
0.1941369909360379 0.4344423527687362
0.18275418252187095 0.4589442649436361
0.17293726036686333 0.4807537014986911
0.16427732809602652 0.5001263736778587
ml-20m-0.5
0.35262143213005903 0.1372863503895614
0.3032200183402724 0.2256148054088441
0.2695558620290689 0.2885005316198389
0.24427606449424888 0.33639250412511595
0.2245323590362836 0.37551241159607
0.20853809699160533 0.4084289104758499
0.19516623325978724 0.43674590747554004
0.18376235622018294 0.4616696856882677
0.17391003315842402 0.48384875270722927
0.1652524676337662 0.5037381635587852
(theta_2.dat) 0.8 0.7 0.5ml-20m-0.8
0.35966294325336456 0.1447915280462344
0.3053107377268121 0.23049699760286146
0.268944278772156 0.28938900506637716
0.24272869386902426 0.33467764213219586
0.22255709674865343 0.37177726659109306
0.2063553151903595 0.40329546758379176
0.1929684945396216 0.43066499958382953
0.1815221707956465 0.454428099145761
0.17166651824351423 0.4755515416686149
0.16301813088028302 0.4945338722721427
ml-20m-0.7
0.36041243961779856 0.14499376772400807
0.3056140021517313 0.23150341733082763
0.2695313120518104 0.29127031935269654
0.24361953311721649 0.33750636302722886
0.22355180406238906 0.3753444049138985
0.20734609932144563 0.40737943790086223
0.19396421273476439 0.43513891120091763
0.18252953217853196 0.4593775309279473
0.1727269809865152 0.48118342259578334
0.1641273566173254 0.5008353342813577
ml-20m-0.5
0.36149841508227143 0.14473039306352956
0.3075790834193842 0.232438303356704
0.27203685384814624 0.2940568229140656
0.24591044312710883 0.34129650954520535
0.22572057793543415 0.3798472973482281
0.2094152773063744 0.4123075725415816
0.19582041794782012 0.4402608178490749
0.18432881084243563 0.4648986091861053
0.17436741688499935 0.48674881916801493
0.16568498046834954 0.5065842340935628
ml-20m-0.8
0.3558591408951238 0.14301800208229531
0.3011635967160756 0.2273020349604094
0.2658502595798473 0.28647117187075116
0.24023921786662214 0.332221434314158
0.22060349620567432 0.36960996624699505
0.20467953855664278 0.4012464365731704
0.1915206647885578 0.42864489726971655
0.18029115189938544 0.45269641475709715
0.17058936793427426 0.4740629590451634
0.1621133920126143 0.49337416552823554
ml-20m-0.7
0.36050919541051885 0.14523851893198553
0.30512552981017355 0.2306369315892883
0.2692663167090849 0.29090788512895654
0.24313160231926667 0.3374194138489407
0.2230547392287837 0.3753609019668374
0.20677049862923116 0.4071359162758855
0.19335623976862126 0.43460606992311823
0.18199683377500273 0.4589484995642952
0.17219883556079635 0.48074326639727066
0.16362935310812224 0.50029446655958
ml-20m-0.5
0.3566050269687835 0.14115609383139985
0.30428866440903163 0.22791142127125605
0.26928629365136464 0.28882506775192446
0.24349371448378304 0.3352293685224633
0.22359772696101946 0.37335403966657077
0.2075198746506484 0.40554688522365323
0.1942127038911039 0.433593057792348
0.1829060855061412 0.4583145286004732
0.1731103938665887 0.48018246196382136
0.1645188565487264 0.49974867807521844
ml-20m-0.8
0.3584686590657222 0.1447008890934418
0.30298859870173644 0.22954607177754224
0.26692829240461124 0.28904512256560233
0.2409109124649095 0.33448740400507854
0.2210182464096522 0.3720790823079267
0.20503659631407292 0.4038413414470553
0.19175760301441724 0.4312174125776493
0.18047076386533456 0.45520705645267207
0.17078745255467528 0.4768401496044635
0.1622864693522654 0.49618150328400407
ml-20m-0.7
0.34606514408663336 0.1428150275480008
0.2989540987631083 0.22954474546924483
0.2657226959725438 0.2903346398496199
0.24074754680743646 0.3368138712912704
0.22128309734074253 0.3745387090577215
0.20554913726079047 0.406388595911432
0.1923629972014407 0.4335705074647393
0.1810998570324972 0.4573842417893477
0.1713898095129498 0.47886184847191654
0.16291444332928587 0.49828563636580553
(new)
ml-20m-2
0.35422584534949875 0.14213424660297905
0.29974583552958545 0.22571559238589328
0.2643560805720074 0.28419648524273655
0.2387391420505205 0.3291367599078547
0.21905641440370618 0.36596825108218584
0.20324757689311632 0.39686149024546613
0.19001620504793965 0.4234550257230061
0.1788259153892383 0.44693487432536694
0.16915897073008318 0.4676905451424946
0.16067238055355326 0.4862060344741315
ml-20m-0.9
0.3529867935562706 0.1401798955715004
0.29939563732462227 0.22383246555220598
0.26456210783211254 0.2828802913497669
0.23919981515313313 0.3280489067978116
0.21962120829220252 0.3649676686840488
0.2037432698162243 0.3959106555641952
0.1905478461520291 0.4227140219675187
0.17938785714803118 0.44645716540137986
0.16974833064157602 0.46767405268792694
0.16134931007345765 0.4868766387337632
ml-20m-0.8
0.3614428166043685 0.14414734694336975
0.30596817167654716 0.22937427749121342
0.2699486616651443 0.2898127322038269
0.2435949831399634 0.3360272408234656
0.22317344558939672 0.3735595511770745
0.20678132950155176 0.40503447621368427
0.19322709451012124 0.432177577491211
0.18171757778372627 0.4559834986516148
0.17182721629724676 0.477196876110899
0.16312730607325313 0.49615695067648036
ml-20m-0.7
0.361826229484442 0.1455030155198931
0.3064338991862445 0.2316787706499326
0.2700747811561504 0.2913437559475498
0.2437309105875557 0.33710791203955565
0.2234537485649991 0.3745056092006973
0.2071381465729329 0.40618826678840675
0.19372098228784157 0.43375508174713207
0.18229612688007282 0.4579098527828487
0.17246623776403444 0.47972247975187454
0.16384849775803342 0.4992134728717454
ml-20m-0.6
0.36234972164650076 0.14586699590838753
0.3073808784559514 0.2326686517706389
0.27117110612082346 0.2934538434417287
0.24485479410513827 0.33966972548467217
0.22463864599663447 0.37768993653954963
0.20834807535392819 0.40966742060833883
0.1948369747413041 0.4374393389727562
0.1834002440556677 0.4617196656596755
0.17347663780832231 0.483246072073316
0.16480103687553085 0.5026425233312573
ml-20m-0.5
0.36394547016809026 0.14685293110661313
0.30956799260612533 0.23534611694768207
0.2733076762001784 0.2969384890523835
0.24696898038169496 0.3440985448251187
0.2266214176890649 0.3828753034995065
0.21017500282800272 0.41559848767581314
0.19655856768411428 0.4436722251921664
0.18501250965753863 0.4684191618970432
0.1750027478323331 0.4902764575558365
0.16621677629918422 0.5099753047480915
ml-20m-0.4
0.36358299697449725 0.1463133009136385
0.3090430563277602 0.23427672086197296
0.2730328127293419 0.29590323865814033
0.24684063454472507 0.34300753351642843
0.22651440867055816 0.38167168192163664
0.21011049896619646 0.41430497127705845
0.1965260750671591 0.4423289800265529
0.18491936415560273 0.46710430939219694
0.17491634153983537 0.48893796099650944
0.16612160903441597 0.5083891168916003
ml-20m-2
0.3566923960054892 0.14352876584125027
0.30148058024593244 0.22773559569637555
0.26521123811306024 0.2856212107880658
0.23906785902538555 0.3297209897442282
0.21899576151872518 0.36579104865275186
0.20292216935145785 0.3962304349207438
0.18961494701633166 0.4223537050690904
0.17831045612415136 0.4452089408798879
0.16859183416401682 0.465509112034301
0.1601078032825009 0.483974678665687
ml-20m-0.9
0.36064999675065407 0.14554824765837018
0.3050995357166089 0.23138490342859744
0.2686292207307139 0.29049214604191115
0.24239763020515642 0.33586536892788194
0.22215880947060276 0.3727239622888528
0.20584217252851708 0.4037332732134624
0.1923156508167336 0.43030060359139033
0.18083287602984824 0.4536679607271377
0.170966683434375 0.47447678863907
0.1623237997588527 0.49311186198225027
ml-20m-0.8
0.35647216826834743 0.14310969421852845
0.3021138252474861 0.2281090282740569
0.26640552230070913 0.2871354407661549
0.24068418620437032 0.332726584163745
0.22088062212539142 0.37027153582372263
0.20499820688885698 0.4021357249719925
0.19173057740920582 0.4292875496425481
0.18053809578824828 0.4534580789501343
0.17086030019960347 0.4749471113626316
0.16239492248708293 0.49444117350863387
ml-20m-0.7
0.35436736874779734 0.1420276441489956
0.30273190702779484 0.22887961970252346
0.26779572493429504 0.28950845903585803
0.24219328774740922 0.33589000112131767
0.2222965781664911 0.37386104098310813
0.20622727021095058 0.40603544161628863
0.19294961787643644 0.43378234787838593
0.1815880586022513 0.457923693783195
0.17184117608823468 0.4796219744112163
0.16330717075955817 0.4991805479145016
ml-20m-0.6
0.3624731935909291 0.14641247312740155
0.3076357649845114 0.23354370327875199
0.2715311724538971 0.29475108958210616
0.24516961146052527 0.3415338947161307
0.22476399529226843 0.37942720540619884
0.2084243728322611 0.4113951833472199
0.19480726720580072 0.43893776457690226
0.18330132208849406 0.46339236851590737
0.17340916548520915 0.48526487119328465
0.16471561739584517 0.5047206134672075
ml-20m-0.5
0.3606911540654657 0.14467672646108598
0.30611872080177116 0.23084308189328023
0.2702432613922147 0.2911321299923008
0.24433617583562223 0.33760177208461384
0.22423010549278555 0.37563594362683234
0.2080458940162463 0.40771817488008444
0.19463479845802742 0.4355738930789087
0.18317821117313976 0.4599956232969442
0.1733161804406412 0.4818154437483937
0.16464658863627044 0.5013389229354993
ml-20m-0.4
0.3613056255550029 0.14503970601326624
0.30818452918197903 0.2326886988147793
0.2730910587538076 0.29494747119664094
0.24684586946634302 0.34229123860685945
0.22654675687588344 0.3809778264784362
0.2102089395612664 0.4136367641552947
0.1965722867890511 0.4418590153609638
0.1850378719502195 0.466765979747678
0.17506476460493878 0.48880366654968777
0.16629699696015632 0.508590216026446
